rate=hr_per_pitch  size threshold=0.01  tested=60  detected=0  expected by chance at 99%: 0.6  sign flips S2/S3/S4: 6 (10%)
group type  term   S3est   se     lo      hi      S2      S4      S5     2023    2024    c1 c2 c3 c4 c5
LvL FC  k=2  -0.0062 +0.0042 -0.0170 +0.0046 -0.0072 -0.0048 -0.0053    -      -    01001  
LvL FC  k=3  -0.0106 +0.0052 -0.0239 +0.0027 -0.0128 -0.0111 -0.0095    -      -    01011  
LvL FF  k=2  -0.0065 +0.0019 -0.0115 -0.0015 -0.0069 -0.0065 -0.0066 -0.0073 -0.0060  11101  
LvL FF  k=3  -0.0038 +0.0030 -0.0115 +0.0038 -0.0047 -0.0040 -0.0040 -0.0042 -0.0044  01101  
LvL SI  k=2  -0.0040 +0.0016 -0.0081 +0.0000 -0.0039 -0.0039 -0.0036 -0.0038 -0.0042  01101  
LvL SI  k=3  +0.0019 +0.0026 -0.0048 +0.0086 +0.0019 -0.0003 +0.0024 -0.0033 +0.0056  00001  
LvL SL  k=2  -0.0019 +0.0020 -0.0070 +0.0031 -0.0018 -0.0019 -0.0024 -0.0063 +0.0031  01001  
LvL SL  k=3  +0.0049 +0.0039 -0.0051 +0.0150 +0.0054 +0.0047 +0.0049 +0.0011 +0.0107  01001  
LvL ST  k=2  -0.0015 +0.0025 -0.0079 +0.0048 -0.0017 -0.0008 -0.0018 -0.0014 -0.0026  01101  
LvL ST  k=3  +0.0000 +0.0039 -0.0099 +0.0100 -0.0007 +0.0012 -0.0001 +0.0063 -0.0071  01001  
LvR CH  k=2  +0.0022 +0.0016 -0.0020 +0.0063 +0.0018 +0.0017 +0.0022 +0.0026 +0.0017  01101  
LvR CH  k=3  +0.0008 +0.0031 -0.0073 +0.0089 +0.0002 -0.0005 +0.0007 +0.0038 -0.0023  00001  
LvR CU  k=2  -0.0012 +0.0023 -0.0072 +0.0047 -0.0018 -0.0009 -0.0012 -0.0003 -0.0032  01001  
LvR CU  k=3  -0.0027 +0.0041 -0.0132 +0.0079 -0.0034 -0.0042 -0.0027 -0.0049 -0.0031  01101  
LvR FC  k=2  +0.0009 +0.0033 -0.0075 +0.0094 +0.0006 +0.0014 +0.0007 +0.0021 +0.0005  01101  
LvR FC  k=3  -0.0111 +0.0057 -0.0258 +0.0036 -0.0107 -0.0096 -0.0109 -0.0085 -0.0133  01111  
LvR FF  k=2  -0.0019 +0.0011 -0.0047 +0.0009 -0.0021 -0.0021 -0.0018 -0.0047 +0.0008  01001  
LvR FF  k=3  -0.0049 +0.0018 -0.0095 -0.0003 -0.0056 -0.0057 -0.0047 -0.0074 -0.0027  11101  
LvR SI  k=2  -0.0012 +0.0016 -0.0052 +0.0028 -0.0006 -0.0008 -0.0014 -0.0046 +0.0025  01001  
LvR SI  k=3  -0.0017 +0.0036 -0.0109 +0.0075 -0.0016 -0.0000 -0.0015 +0.0009 -0.0052  00001  
LvR SL  k=2  -0.0041 +0.0024 -0.0104 +0.0022 -0.0042 -0.0040 -0.0043 -0.0046 -0.0035  01101  
LvR SL  k=3  -0.0065 +0.0035 -0.0156 +0.0026 -0.0059 -0.0067 -0.0065 -0.0089 -0.0011  01001  
LvR ST  k=2  -0.0011 +0.0032 -0.0093 +0.0070 -0.0023 -0.0017 -0.0012 -0.0011 -0.0050  01101  
LvR ST  k=3  +0.0064 +0.0057 -0.0083 +0.0211 +0.0048 +0.0071 +0.0047 +0.0071 -0.0015  01001  
RvL CH  k=2  +0.0000 +0.0012 -0.0030 +0.0030 -0.0001 -0.0006 +0.0003 +0.0016 -0.0016  00001  
RvL CH  k=3  -0.0019 +0.0021 -0.0074 +0.0036 -0.0018 -0.0028 -0.0017 -0.0010 -0.0033  01101  
RvL CU  k=2  -0.0028 +0.0016 -0.0069 +0.0012 -0.0027 -0.0032 -0.0026 -0.0030 -0.0027  01101  
RvL CU  k=3  +0.0009 +0.0038 -0.0088 +0.0106 +0.0008 +0.0006 +0.0014 -0.0002 +0.0021  01001  
RvL FC  k=2  +0.0015 +0.0018 -0.0032 +0.0062 +0.0010 +0.0004 +0.0023 -0.0027 +0.0054  00001  
RvL FC  k=3  +0.0056 +0.0042 -0.0053 +0.0165 +0.0044 +0.0042 +0.0063 +0.0023 +0.0089  01101  
RvL FF  k=2  -0.0027 +0.0008 -0.0048 -0.0006 -0.0028 -0.0024 -0.0026 -0.0027 -0.0028  11101  
RvL FF  k=3  -0.0033 +0.0014 -0.0069 +0.0003 -0.0034 -0.0032 -0.0032 -0.0038 -0.0027  01101  
RvL FS  k=2  -0.0021 +0.0018 -0.0066 +0.0025 -0.0020 -0.0036 -0.0016 -0.0040 -0.0008  01101  
RvL FS  k=3  -0.0047 +0.0036 -0.0140 +0.0047 -0.0049 -0.0069 -0.0039 -0.0010 -0.0083  01001  
RvL KC  k=2  +0.0003 +0.0022 -0.0054 +0.0059 -0.0005 -0.0000 +0.0008 -0.0006 +0.0000  00001  
RvL KC  k=3  +0.0049 +0.0084 -0.0168 +0.0266 +0.0045 +0.0037 +0.0046 -0.0033 +0.0174  01001  
RvL SI  k=2  -0.0022 +0.0017 -0.0066 +0.0022 -0.0021 -0.0033 -0.0021 +0.0009 -0.0050  01001  
RvL SI  k=3  -0.0001 +0.0034 -0.0087 +0.0086 -0.0003 +0.0001 +0.0000 +0.0040 -0.0041  00001  
RvL SL  k=2  -0.0016 +0.0017 -0.0060 +0.0028 -0.0018 -0.0017 -0.0015 -0.0018 -0.0017  01101  
RvL SL  k=3  -0.0026 +0.0033 -0.0111 +0.0058 -0.0029 -0.0032 -0.0026 -0.0040 -0.0007  01001  
RvL ST  k=2  -0.0044 +0.0024 -0.0105 +0.0017 -0.0051 -0.0047 -0.0041 -0.0020 -0.0065  01101  
RvL ST  k=3  +0.0018 +0.0060 -0.0135 +0.0172 +0.0009 +0.0020 +0.0015 -0.0024 +0.0051  01001  
RvR CH  k=2  -0.0034 +0.0026 -0.0102 +0.0033 -0.0034 -0.0031 -0.0029 -0.0052 -0.0005  01001  
RvR CH  k=3  -0.0038 +0.0049 -0.0163 +0.0088 -0.0037 -0.0039 -0.0035 -0.0052 +0.0009  01001  
RvR CU  k=2  -0.0044 +0.0022 -0.0102 +0.0013 -0.0049 -0.0052 -0.0046 -0.0048 -0.0041  01101  
RvR CU  k=3  +0.0004 +0.0045 -0.0112 +0.0121 +0.0004 +0.0009 +0.0002 -0.0083 +0.0102  01001  
RvR FC  k=2  -0.0039 +0.0016 -0.0081 +0.0003 -0.0039 -0.0049 -0.0031 -0.0049 -0.0039  01101  
RvR FC  k=3  -0.0003 +0.0036 -0.0094 +0.0089 -0.0004 -0.0021 +0.0004 -0.0106 +0.0106  01001  
RvR FF  k=2  -0.0024 +0.0009 -0.0049 +0.0000 -0.0025 -0.0026 -0.0024 -0.0018 -0.0029  01101  
RvR FF  k=3  -0.0009 +0.0016 -0.0051 +0.0033 -0.0010 -0.0008 -0.0008 -0.0019 +0.0002  01001  
RvR FS  k=2  -0.0003 +0.0026 -0.0070 +0.0063 -0.0003 -0.0005 +0.0005 -0.0011 -0.0006  01101  
RvR FS  k=3  -0.0062 +0.0044 -0.0175 +0.0052 -0.0054 -0.0070 -0.0056 -0.0040 -0.0090  01101  
RvR KC  k=2  -0.0068 +0.0051 -0.0199 +0.0063 -0.0064 -0.0082 -0.0055    -      -    01001  
RvR KC  k=3  +0.0025 +0.0083 -0.0189 +0.0238 +0.0020 +0.0031 +0.0020    -      -    01001  
RvR SI  k=2  +0.0004 +0.0010 -0.0022 +0.0029 +0.0003 +0.0002 +0.0004 -0.0001 +0.0009  01001  
RvR SI  k=3  +0.0008 +0.0014 -0.0029 +0.0045 +0.0004 +0.0010 +0.0009 -0.0005 +0.0028  01001  
RvR SL  k=2  -0.0015 +0.0009 -0.0038 +0.0009 -0.0015 -0.0014 -0.0016 -0.0030 -0.0001  01001  
RvR SL  k=3  +0.0005 +0.0017 -0.0038 +0.0047 +0.0005 +0.0000 +0.0004 -0.0004 +0.0018  00001  
RvR ST  k=2  -0.0037 +0.0016 -0.0079 +0.0005 -0.0038 -0.0047 -0.0035 -0.0040 -0.0036  01101  
RvR ST  k=3  -0.0062 +0.0028 -0.0134 +0.0011 -0.0063 -0.0084 -0.0057 -0.0063 -0.0065  01101  
