rate=mean_pitch_value  size threshold=0.002  tested=60  detected=8  expected by chance at 99%: 0.6  sign flips S2/S3/S4: 4 (7%)
group type  term   S3est   se     lo      hi      S2      S4      S5     2023    2024    c1 c2 c3 c4 c5
LvL FC  k=2  +0.0053 +0.0126 -0.0271 +0.0378 +0.0044 +0.0025 +0.0086    -      -    00011  
LvL FC  k=3  +0.0053 +0.0185 -0.0423 +0.0529 +0.0014 -0.0019 +0.0084    -      -    00011  
LvL FF  k=2  -0.0178 +0.0059 -0.0330 -0.0026 -0.0179 -0.0204 -0.0158 -0.0214 -0.0143  11111  DETECTED
LvL FF  k=3  -0.0235 +0.0089 -0.0464 -0.0006 -0.0242 -0.0270 -0.0217 -0.0116 -0.0356  11111  DETECTED
LvL SI  k=2  -0.0052 +0.0068 -0.0228 +0.0124 -0.0062 -0.0087 -0.0035 -0.0106 -0.0007  01011  
LvL SI  k=3  +0.0079 +0.0102 -0.0182 +0.0341 +0.0061 -0.0024 +0.0112 +0.0126 +0.0024  00011  
LvL SL  k=2  +0.0036 +0.0073 -0.0151 +0.0223 +0.0033 +0.0025 +0.0057 -0.0002 +0.0073  01011  
LvL SL  k=3  -0.0092 +0.0128 -0.0421 +0.0237 -0.0093 -0.0119 -0.0076 +0.0048 -0.0247  01011  
LvL ST  k=2  -0.0158 +0.0097 -0.0407 +0.0091 -0.0160 -0.0170 -0.0174 -0.0090 -0.0234  01111  
LvL ST  k=3  -0.0179 +0.0166 -0.0607 +0.0250 -0.0206 -0.0198 -0.0182 -0.0054 -0.0317  01011  
LvR CH  k=2  -0.0010 +0.0051 -0.0141 +0.0120 -0.0018 -0.0036 -0.0004 +0.0060 -0.0086  01001  
LvR CH  k=3  -0.0129 +0.0110 -0.0413 +0.0154 -0.0132 -0.0201 -0.0119 -0.0131 -0.0126  01111  
LvR CU  k=2  +0.0031 +0.0076 -0.0165 +0.0228 +0.0024 +0.0000 +0.0032 -0.0007 +0.0058  00011  
LvR CU  k=3  +0.0170 +0.0145 -0.0203 +0.0542 +0.0154 +0.0151 +0.0167 +0.0248 +0.0086  01111  
LvR FC  k=2  -0.0075 +0.0088 -0.0303 +0.0152 -0.0074 -0.0097 -0.0077 +0.0043 -0.0161  01011  
LvR FC  k=3  -0.0163 +0.0183 -0.0634 +0.0308 -0.0146 -0.0207 -0.0170 -0.0210 -0.0133  01111  
LvR FF  k=2  -0.0071 +0.0034 -0.0159 +0.0017 -0.0072 -0.0069 -0.0056 -0.0162 +0.0015  01011  
LvR FF  k=3  -0.0128 +0.0049 -0.0254 -0.0002 -0.0136 -0.0138 -0.0097 -0.0188 -0.0078  11111  DETECTED
LvR SI  k=2  -0.0052 +0.0057 -0.0199 +0.0095 -0.0055 -0.0061 -0.0042 -0.0207 +0.0112  01011  
LvR SI  k=3  -0.0069 +0.0100 -0.0327 +0.0189 -0.0072 -0.0082 -0.0068 -0.0116 -0.0036  01111  
LvR SL  k=2  -0.0105 +0.0068 -0.0281 +0.0071 -0.0093 -0.0125 -0.0104 -0.0222 +0.0051  01011  
LvR SL  k=3  -0.0217 +0.0109 -0.0499 +0.0064 -0.0197 -0.0207 -0.0228 -0.0233 -0.0153  01111  
LvR ST  k=2  -0.0063 +0.0104 -0.0331 +0.0205 -0.0081 -0.0091 -0.0041 -0.0059 -0.0117  01111  
LvR ST  k=3  -0.0250 +0.0187 -0.0731 +0.0231 -0.0240 -0.0147 -0.0218 -0.0336 -0.0343  01111  
RvL CH  k=2  -0.0018 +0.0043 -0.0129 +0.0093 -0.0031 -0.0028 -0.0005 +0.0071 -0.0113  01001  
RvL CH  k=3  -0.0139 +0.0089 -0.0370 +0.0091 -0.0168 -0.0178 -0.0134 -0.0040 -0.0258  01011  
RvL CU  k=2  -0.0135 +0.0053 -0.0271 +0.0001 -0.0123 -0.0149 -0.0131 -0.0168 -0.0090  01111  
RvL CU  k=3  -0.0213 +0.0132 -0.0552 +0.0126 -0.0209 -0.0230 -0.0201 -0.0271 -0.0133  01111  
RvL FC  k=2  +0.0048 +0.0045 -0.0069 +0.0165 +0.0045 +0.0005 +0.0062 -0.0072 +0.0147  00011  
RvL FC  k=3  +0.0152 +0.0100 -0.0106 +0.0410 +0.0135 +0.0141 +0.0157 +0.0054 +0.0246  01111  
RvL FF  k=2  -0.0040 +0.0023 -0.0098 +0.0018 -0.0043 -0.0030 -0.0024 -0.0064 -0.0017  01111  
RvL FF  k=3  -0.0049 +0.0037 -0.0144 +0.0046 -0.0050 -0.0055 -0.0023 -0.0120 +0.0025  01011  
RvL FS  k=2  -0.0131 +0.0068 -0.0306 +0.0044 -0.0137 -0.0168 -0.0132 -0.0207 -0.0089  01111  
RvL FS  k=3  -0.0044 +0.0106 -0.0317 +0.0229 -0.0074 -0.0072 -0.0047 -0.0074 -0.0077  01111  
RvL KC  k=2  -0.0097 +0.0085 -0.0315 +0.0121 -0.0104 -0.0081 -0.0068 -0.0175 -0.0012  01011  
RvL KC  k=3  +0.0264 +0.0247 -0.0372 +0.0901 +0.0243 +0.0227 +0.0298 +0.0011 +0.0600  01011  
RvL SI  k=2  -0.0047 +0.0048 -0.0171 +0.0077 -0.0047 -0.0097 -0.0035 +0.0043 -0.0126  01011  
RvL SI  k=3  -0.0069 +0.0090 -0.0302 +0.0163 -0.0075 -0.0145 -0.0052 +0.0036 -0.0185  01011  
RvL SL  k=2  -0.0105 +0.0042 -0.0214 +0.0004 -0.0096 -0.0125 -0.0091 -0.0099 -0.0122  01111  
RvL SL  k=3  -0.0151 +0.0078 -0.0353 +0.0050 -0.0146 -0.0196 -0.0141 -0.0171 -0.0131  01111  
RvL ST  k=2  -0.0106 +0.0079 -0.0311 +0.0098 -0.0112 -0.0157 -0.0114 -0.0030 -0.0169  01011  
RvL ST  k=3  +0.0035 +0.0165 -0.0391 +0.0461 +0.0011 -0.0020 +0.0053 +0.0148 -0.0026  00011  
RvR CH  k=2  -0.0023 +0.0067 -0.0195 +0.0150 -0.0025 -0.0052 -0.0005 +0.0002 -0.0021  01011  
RvR CH  k=3  -0.0211 +0.0141 -0.0575 +0.0153 -0.0214 -0.0317 -0.0197 -0.0203 -0.0184  01111  
RvR CU  k=2  -0.0042 +0.0074 -0.0232 +0.0148 -0.0069 -0.0047 -0.0022 -0.0018 -0.0082  01111  
RvR CU  k=3  +0.0032 +0.0164 -0.0391 +0.0454 -0.0001 +0.0041 +0.0053 -0.0121 +0.0146  01011  
RvR FC  k=2  -0.0071 +0.0054 -0.0210 +0.0068 -0.0069 -0.0106 -0.0067 +0.0015 -0.0188  01011  
RvR FC  k=3  -0.0295 +0.0117 -0.0595 +0.0006 -0.0306 -0.0325 -0.0289 -0.0310 -0.0278  01111  
RvR FF  k=2  -0.0098 +0.0027 -0.0168 -0.0029 -0.0103 -0.0119 -0.0094 -0.0124 -0.0071  11111  DETECTED
RvR FF  k=3  -0.0098 +0.0039 -0.0200 +0.0003 -0.0105 -0.0135 -0.0089 -0.0173 -0.0016  01011  
RvR FS  k=2  -0.0153 +0.0101 -0.0412 +0.0107 -0.0132 -0.0176 -0.0113 -0.0199 -0.0135  01111  
RvR FS  k=3  -0.0373 +0.0136 -0.0723 -0.0023 -0.0346 -0.0434 -0.0334 -0.0188 -0.0586  11111  DETECTED
RvR KC  k=2  -0.0185 +0.0103 -0.0451 +0.0081 -0.0169 -0.0203 -0.0143    -      -    01011  
RvR KC  k=3  -0.0143 +0.0192 -0.0637 +0.0351 -0.0085 -0.0064 -0.0088    -      -    00011  
RvR SI  k=2  -0.0062 +0.0036 -0.0154 +0.0030 -0.0060 -0.0067 -0.0051 -0.0097 -0.0025  01111  
RvR SI  k=3  -0.0029 +0.0065 -0.0197 +0.0139 -0.0032 -0.0036 -0.0013 -0.0026 -0.0032  01111  
RvR SL  k=2  -0.0086 +0.0031 -0.0165 -0.0006 -0.0088 -0.0091 -0.0078 -0.0119 -0.0048  11111  DETECTED
RvR SL  k=3  -0.0093 +0.0053 -0.0229 +0.0042 -0.0106 -0.0103 -0.0086 -0.0090 -0.0088  01111  
RvR ST  k=2  -0.0155 +0.0038 -0.0253 -0.0057 -0.0157 -0.0151 -0.0147 -0.0120 -0.0198  11111  DETECTED
RvR ST  k=3  -0.0202 +0.0071 -0.0385 -0.0018 -0.0205 -0.0256 -0.0192 -0.0167 -0.0230  11111  DETECTED
