rate=swing_rate  size threshold=0.01  tested=60  detected=7  expected by chance at 99%: 0.6  sign flips S2/S3/S4: 10 (17%)
group type  term   S3est   se     lo      hi      S2      S4      S5     2023    2024    c1 c2 c3 c4 c5
LvL FC  k=2  -0.0185 +0.0263 -0.0863 +0.0493 -0.0264 -0.0217 -0.0112    -      -    01011  
LvL FC  k=3  -0.0058 +0.0380 -0.1038 +0.0922 +0.0069 -0.0278 +0.0005    -      -    01001  
LvL FF  k=2  -0.0315 +0.0105 -0.0585 -0.0046 -0.0345 -0.0338 -0.0335 -0.0386 -0.0275  11111  DETECTED
LvL FF  k=3  -0.0142 +0.0162 -0.0559 +0.0275 -0.0192 -0.0280 -0.0211 -0.0169 -0.0165  01111  
LvL SI  k=2  -0.0235 +0.0130 -0.0571 +0.0100 -0.0192 -0.0133 -0.0192 -0.0285 -0.0174  01111  
LvL SI  k=3  -0.0054 +0.0164 -0.0478 +0.0370 -0.0009 +0.0005 -0.0172 -0.0150 +0.0027  00001  
LvL SL  k=2  +0.0032 +0.0134 -0.0315 +0.0378 +0.0076 -0.0007 +0.0037 +0.0101 -0.0066  00001  
LvL SL  k=3  -0.0126 +0.0211 -0.0668 +0.0417 -0.0021 -0.0259 -0.0010 -0.0119 -0.0229  01111  
LvL ST  k=2  -0.0057 +0.0143 -0.0425 +0.0311 -0.0045 -0.0122 -0.0009 -0.0017 -0.0189  01001  
LvL ST  k=3  -0.0151 +0.0287 -0.0890 +0.0589 -0.0065 -0.0360 -0.0156 +0.0037 -0.0459  01011  
LvR CH  k=2  +0.0051 +0.0088 -0.0175 +0.0277 +0.0044 +0.0113 +0.0046 +0.0190 -0.0080  01001  
LvR CH  k=3  +0.0005 +0.0161 -0.0409 +0.0420 +0.0025 +0.0030 -0.0048 +0.0088 -0.0079  01001  
LvR CU  k=2  -0.0349 +0.0140 -0.0709 +0.0010 -0.0367 -0.0349 -0.0334 -0.0428 -0.0263  01111  
LvR CU  k=3  -0.0640 +0.0303 -0.1421 +0.0140 -0.0541 -0.0771 -0.0602 -0.1267 -0.0084  01011  
LvR FC  k=2  +0.0216 +0.0123 -0.0101 +0.0534 +0.0272 +0.0199 +0.0228 +0.0394 +0.0118  01111  
LvR FC  k=3  +0.0140 +0.0278 -0.0576 +0.0856 +0.0193 +0.0014 +0.0278 +0.0184 +0.0267  00111  
LvR FF  k=2  -0.0223 +0.0059 -0.0376 -0.0071 -0.0197 -0.0235 -0.0232 -0.0177 -0.0265  11111  DETECTED
LvR FF  k=3  -0.0234 +0.0075 -0.0426 -0.0042 -0.0196 -0.0236 -0.0324 -0.0285 -0.0196  11111  DETECTED
LvR SI  k=2  -0.0089 +0.0089 -0.0319 +0.0140 -0.0076 -0.0079 -0.0182 -0.0147 -0.0036  01101  
LvR SI  k=3  -0.0244 +0.0115 -0.0540 +0.0053 -0.0203 -0.0189 -0.0120 -0.0235 -0.0250  01111  
LvR SL  k=2  +0.0010 +0.0112 -0.0277 +0.0298 +0.0017 +0.0038 +0.0050 +0.0028 -0.0047  01001  
LvR SL  k=3  -0.0130 +0.0173 -0.0575 +0.0315 -0.0071 -0.0150 +0.0041 -0.0257 -0.0060  01111  
LvR ST  k=2  -0.0140 +0.0184 -0.0614 +0.0334 -0.0057 -0.0119 -0.0196 -0.0143 -0.0215  01111  
LvR ST  k=3  +0.0471 +0.0253 -0.0180 +0.1123 +0.0609 +0.0431 +0.0100 +0.0232 +0.0742  01111  
RvL CH  k=2  +0.0166 +0.0071 -0.0016 +0.0349 +0.0177 +0.0195 +0.0143 +0.0156 +0.0190  01111  
RvL CH  k=3  +0.0002 +0.0122 -0.0312 +0.0316 +0.0007 +0.0000 +0.0091 -0.0007 +0.0027  00001  
RvL CU  k=2  -0.0307 +0.0109 -0.0588 -0.0027 -0.0273 -0.0263 -0.0288 -0.0262 -0.0342  11111  DETECTED
RvL CU  k=3  -0.0225 +0.0206 -0.0754 +0.0305 -0.0150 -0.0286 -0.0190 -0.0008 -0.0402  01011  
RvL FC  k=2  -0.0099 +0.0085 -0.0319 +0.0120 -0.0082 -0.0041 +0.0010 +0.0027 -0.0230  00001  
RvL FC  k=3  +0.0130 +0.0178 -0.0330 +0.0589 +0.0083 +0.0222 +0.0230 +0.0113 +0.0134  01111  
RvL FF  k=2  -0.0174 +0.0042 -0.0282 -0.0066 -0.0156 -0.0214 -0.0225 -0.0137 -0.0218  11111  DETECTED
RvL FF  k=3  -0.0099 +0.0067 -0.0271 +0.0073 -0.0051 -0.0149 -0.0191 -0.0076 -0.0133  01101  
RvL FS  k=2  +0.0158 +0.0120 -0.0150 +0.0466 +0.0121 +0.0120 +0.0156 +0.0421 -0.0047  01011  
RvL FS  k=3  -0.0207 +0.0189 -0.0694 +0.0281 -0.0253 -0.0253 -0.0118 -0.0101 -0.0219  01111  
RvL KC  k=2  -0.0306 +0.0169 -0.0742 +0.0130 -0.0324 -0.0325 -0.0342 -0.0260 -0.0350  01111  
RvL KC  k=3  +0.0031 +0.0315 -0.0781 +0.0843 +0.0038 -0.0011 -0.0168 -0.0161 +0.0411  00001  
RvL SI  k=2  -0.0122 +0.0088 -0.0350 +0.0105 -0.0101 -0.0043 -0.0106 -0.0055 -0.0182  00111  
RvL SI  k=3  -0.0448 +0.0142 -0.0813 -0.0083 -0.0433 -0.0347 -0.0400 -0.0149 -0.0733  11011  
RvL SL  k=2  +0.0169 +0.0070 -0.0011 +0.0349 +0.0166 +0.0182 +0.0147 +0.0230 +0.0103  01111  
RvL SL  k=3  +0.0025 +0.0122 -0.0288 +0.0338 +0.0035 +0.0077 +0.0007 +0.0102 -0.0042  01001  
RvL ST  k=2  -0.0100 +0.0142 -0.0465 +0.0264 -0.0035 -0.0086 -0.0048 +0.0021 -0.0217  01011  
RvL ST  k=3  +0.0512 +0.0247 -0.0123 +0.1147 +0.0570 +0.0503 +0.0422 +0.0604 +0.0439  01111  
RvR CH  k=2  +0.0111 +0.0106 -0.0162 +0.0385 +0.0080 +0.0166 +0.0195 +0.0059 +0.0161  01111  
RvR CH  k=3  +0.0039 +0.0172 -0.0403 +0.0481 -0.0115 +0.0144 +0.0157 +0.0287 -0.0411  01001  
RvR CU  k=2  -0.0100 +0.0145 -0.0474 +0.0275 -0.0047 -0.0108 -0.0145 -0.0395 +0.0252  01001  
RvR CU  k=3  -0.0016 +0.0212 -0.0562 +0.0529 +0.0031 +0.0046 -0.0093 -0.0406 +0.0450  00001  
RvR FC  k=2  +0.0041 +0.0100 -0.0216 +0.0299 +0.0049 +0.0074 +0.0183 -0.0107 +0.0224  01001  
RvR FC  k=3  +0.0010 +0.0160 -0.0403 +0.0423 +0.0097 -0.0082 +0.0177 +0.0079 -0.0045  00001  
RvR FF  k=2  -0.0210 +0.0045 -0.0326 -0.0094 -0.0193 -0.0210 -0.0225 -0.0155 -0.0262  11111  DETECTED
RvR FF  k=3  -0.0125 +0.0062 -0.0286 +0.0036 -0.0096 -0.0097 -0.0162 -0.0079 -0.0180  01111  
RvR FS  k=2  -0.0333 +0.0171 -0.0772 +0.0107 -0.0367 -0.0345 -0.0191 -0.0294 -0.0361  01111  
RvR FS  k=3  -0.0014 +0.0292 -0.0765 +0.0738 -0.0096 +0.0072 +0.0124 +0.0196 -0.0159  00001  
RvR KC  k=2  -0.0280 +0.0199 -0.0792 +0.0232 -0.0321 -0.0381 -0.0227    -      -    01011  
RvR KC  k=3  +0.0023 +0.0302 -0.0756 +0.0801 +0.0070 -0.0204 -0.0256    -      -    00001  
RvR SI  k=2  -0.0151 +0.0058 -0.0302 -0.0001 -0.0138 -0.0134 -0.0157 -0.0066 -0.0233  11111  DETECTED
RvR SI  k=3  -0.0144 +0.0093 -0.0385 +0.0096 -0.0149 -0.0110 -0.0087 -0.0202 -0.0029  01011  
RvR SL  k=2  +0.0097 +0.0054 -0.0042 +0.0236 +0.0085 +0.0082 +0.0090 +0.0142 +0.0050  01101  
RvR SL  k=3  +0.0122 +0.0090 -0.0110 +0.0354 +0.0128 +0.0054 +0.0145 +0.0171 +0.0065  00111  
RvR ST  k=2  +0.0011 +0.0068 -0.0164 +0.0186 +0.0027 -0.0054 -0.0008 -0.0047 +0.0074  00001  
RvR ST  k=3  -0.0208 +0.0126 -0.0534 +0.0117 -0.0177 -0.0293 -0.0147 +0.0048 -0.0492  01011  
