rate=foul_per_swing  size threshold=0.01  tested=52  detected=1  expected by chance at 99%: 0.5  sign flips S2/S3/S4: 15 (29%)
group type  term   S3est   se     lo      hi      S2      S4      S5     2023    2024    c1 c2 c3 c4 c5
LvL FF  k=2  +0.0200 +0.0131 -0.0137 +0.0538 +0.0195 +0.0234 +0.0135 +0.0099 +0.0326  01111  
LvL FF  k=3  +0.0006 +0.0193 -0.0492 +0.0504 +0.0046 +0.0542 -0.0080 +0.0228 -0.0165  01001  
LvL SI  k=2  +0.0204 +0.0179 -0.0257 +0.0665 +0.0200 +0.0163 +0.0193 +0.0317 +0.0221  01111  
LvL SI  k=3  +0.0019 +0.0246 -0.0615 +0.0653 +0.0032 +0.0221 -0.0020 +0.0250 -0.0017  01001  
LvL SL  k=2  -0.0035 +0.0143 -0.0404 +0.0334 -0.0076 +0.0074 +0.0060    -      -    00001  
LvL SL  k=3  -0.0347 +0.0269 -0.1038 +0.0345 -0.0368 -0.0283 -0.0159    -      -    01011  
LvR CH  k=2  -0.0115 +0.0100 -0.0371 +0.0142 -0.0123 -0.0162 -0.0110 +0.0082 -0.0288  01011  
LvR CH  k=3  +0.0249 +0.0218 -0.0314 +0.0811 +0.0206 +0.0194 +0.0237 +0.0264 +0.0229  01111  
LvR CU  k=2  +0.0242 +0.0202 -0.0279 +0.0763 +0.0130 +0.0057 +0.0233    -      -    00011  
LvR CU  k=3  -0.0438 +0.0357 -0.1357 +0.0482 -0.0547 -0.0407 -0.0481    -      -    01011  
LvR FC  k=2  +0.0222 +0.0148 -0.0160 +0.0603 +0.0166 +0.0231 +0.0257    -      -    01011  
LvR FC  k=3  -0.0191 +0.0379 -0.1168 +0.0785 -0.0420 +0.0007 -0.0178    -      -    00011  
LvR FF  k=2  +0.0068 +0.0080 -0.0138 +0.0274 +0.0073 +0.0054 +0.0045 +0.0048 +0.0072  01101  
LvR FF  k=3  +0.0236 +0.0137 -0.0115 +0.0588 +0.0222 +0.0284 +0.0194 +0.0436 +0.0054  01011  
LvR SI  k=2  +0.0035 +0.0130 -0.0300 +0.0370 +0.0104 +0.0034 +0.0023 +0.0100 -0.0011  01001  
LvR SI  k=3  +0.0366 +0.0168 -0.0068 +0.0799 +0.0402 +0.0321 +0.0376 +0.0406 +0.0214  01111  
LvR SL  k=2  -0.0216 +0.0135 -0.0565 +0.0133 -0.0209 -0.0273 -0.0178 -0.0093 -0.0330  01111  
LvR SL  k=3  -0.0172 +0.0252 -0.0820 +0.0475 -0.0252 +0.0015 -0.0118 -0.0093 -0.0027  00011  
LvR ST  k=2  -0.0163 +0.0254 -0.0817 +0.0491 -0.0094 -0.0266 -0.0278    -      -    01011  
LvR ST  k=3  +0.0706 +0.0438 -0.0421 +0.1833 +0.0529 +0.1207 +0.0516    -      -    01011  
RvL CH  k=2  +0.0008 +0.0096 -0.0240 +0.0256 -0.0014 +0.0089 +0.0029 -0.0015 +0.0031  01001  
RvL CH  k=3  -0.0121 +0.0167 -0.0550 +0.0308 -0.0169 +0.0011 -0.0139 -0.0162 -0.0094  00111  
RvL CU  k=2  +0.0055 +0.0147 -0.0324 +0.0433 +0.0033 -0.0013 +0.0071 +0.0317 -0.0131  00001  
RvL CU  k=3  +0.0311 +0.0242 -0.0312 +0.0934 +0.0258 +0.0363 +0.0333 +0.0190 +0.0779  01111  
RvL FC  k=2  -0.0047 +0.0110 -0.0331 +0.0236 -0.0079 +0.0128 -0.0067 -0.0057 -0.0020  00101  
RvL FC  k=3  +0.0015 +0.0227 -0.0570 +0.0600 -0.0088 +0.0250 +0.0020 -0.0245 +0.0242  01001  
RvL FF  k=2  +0.0016 +0.0060 -0.0138 +0.0169 +0.0025 -0.0061 -0.0003 -0.0003 +0.0031  00001  
RvL FF  k=3  +0.0192 +0.0082 -0.0020 +0.0405 +0.0195 +0.0191 +0.0172 +0.0128 +0.0255  01111  
RvL FS  k=2  -0.0119 +0.0153 -0.0513 +0.0274 -0.0171 -0.0128 -0.0156    -   -0.0077  01011  
RvL FS  k=3  +0.0081 +0.0261 -0.0591 +0.0753 -0.0031 +0.0290 +0.0055    -   +0.0080  01001  
RvL SI  k=2  +0.0126 +0.0109 -0.0156 +0.0407 +0.0106 +0.0151 +0.0117 +0.0103 +0.0133  01111  
RvL SI  k=3  -0.0222 +0.0224 -0.0800 +0.0356 -0.0275 +0.0015 -0.0242 -0.0411 -0.0032  00011  
RvL SL  k=2  +0.0014 +0.0096 -0.0232 +0.0260 -0.0056 +0.0044 +0.0031 -0.0066 +0.0086  01001  
RvL SL  k=3  -0.0003 +0.0173 -0.0448 +0.0443 -0.0123 +0.0133 -0.0036 -0.0113 +0.0132  00001  
RvL ST  k=2  +0.0378 +0.0163 -0.0043 +0.0799 +0.0321 +0.0283 +0.0390    -   +0.0248  01011  
RvL ST  k=3  +0.0315 +0.0299 -0.0455 +0.1084 +0.0238 +0.0334 +0.0316    -   +0.0290  01011  
RvR CH  k=2  -0.0114 +0.0141 -0.0479 +0.0250 -0.0154 -0.0020 -0.0039 -0.0207 +0.0058  00011  
RvR CH  k=3  +0.0407 +0.0255 -0.0250 +0.1064 +0.0161 +0.0733 +0.0419 +0.0380 +0.0513  01111  
RvR CU  k=2  +0.0001 +0.0180 -0.0462 +0.0465 +0.0012 +0.0050 +0.0033 -0.0073 +0.0088  01001  
RvR CU  k=3  +0.0027 +0.0266 -0.0657 +0.0712 -0.0077 +0.0037 +0.0234 +0.0166 -0.0314  01001  
RvR FC  k=2  -0.0168 +0.0110 -0.0452 +0.0116 -0.0199 -0.0210 -0.0144 -0.0054 -0.0263  01011  
RvR FC  k=3  -0.0432 +0.0241 -0.1053 +0.0189 -0.0428 -0.0266 -0.0410 +0.0035 -0.0861  01011  
RvR FF  k=2  +0.0094 +0.0062 -0.0064 +0.0253 +0.0084 +0.0067 +0.0083 +0.0200 -0.0028  01001  
RvR FF  k=3  +0.0193 +0.0091 -0.0042 +0.0427 +0.0171 +0.0263 +0.0172 +0.0197 +0.0179  01111  
RvR FS  k=2  -0.0236 +0.0174 -0.0683 +0.0212 -0.0294 -0.0197 -0.0127    -      -    01011  
RvR FS  k=3  -0.0175 +0.0372 -0.1134 +0.0783 -0.0424 +0.0011 -0.0093    -      -    00011  
RvR SI  k=2  +0.0260 +0.0072 +0.0074 +0.0446 +0.0249 +0.0255 +0.0248 +0.0310 +0.0185  11111  DETECTED
RvR SI  k=3  -0.0105 +0.0130 -0.0441 +0.0231 -0.0115 -0.0087 -0.0126 -0.0038 -0.0185  01111  
RvR SL  k=2  -0.0122 +0.0068 -0.0298 +0.0055 -0.0139 -0.0174 -0.0090 -0.0159 -0.0067  01111  
RvR SL  k=3  -0.0273 +0.0111 -0.0558 +0.0012 -0.0309 -0.0244 -0.0225 -0.0351 -0.0159  01111  
RvR ST  k=2  -0.0160 +0.0109 -0.0441 +0.0120 -0.0210 -0.0151 -0.0102 -0.0177 -0.0132  01111  
RvR ST  k=3  -0.0231 +0.0172 -0.0675 +0.0213 -0.0284 -0.0286 -0.0171 -0.0085 -0.0378  01111  
